0
1
1
1
1
1
1
2
2
1
1
3
4
1
1
5
5
5
5
6
5
7
7
8
8
9
9
5
8
8
10
11
12
11
10
11
1
1
13
1
14
1
1
1
1
1
1
1
1
1
1
13
13
13
13
1
1
1
1
1
13
13
13
13
13
13
13
1
1
13
13
13
13
13
13
13
13
13
1
1
13
13
1
13
1
1
1
1
1
1
1
1
1
1
1
1
1
1
1
1
1
1
1
1
1
1
1
1
1
1
13
1
13
13
1
1
1
1
1
1
13
1
1
1
1
1
1
13
13
13
1
1
1
1
1
13
13
13
13
13
1
15
16
1
16
1
1
1
1
1
1
1
1
1
1
10
10
1
1
1
1
1
1
1
1
1
1
1
1
1
1
1
1
1
1
1
1
1
1
1
1
1
1
1
1
1
1
1
1
1
1
1
1
1
1
1
1
1
1
1
1
1
1
1
1
1
1
1
1
1
1
1
1
1
1
1
1
1
1
1
1
1
1
1
1
1
1
1
1
1
1
1
1
1
1
1
1
1
1
1
1
1
1
1
1
1
1
1
1
1
1
1
1
1
1
1
1
1
1
1
1
1
1
1
1
1
1
1
1
1
1
1
1
1
1
1
1
1
1
1
1
1
1
1
1
1
1
1
1
1
1
1
1
1
1
1
1
1
1
1
1
1
1
1
1
1
1
1
1
1
1
1
1
1
1
1
1
1
1
1
1
1
1
1
1
1
1
1
1
1
1
1
1
1
1
1
1
1
1
1
1
1
1
1
1
1
1
1
1
1
1
1
1
1
1
1
1
1
1
1
1
1
1
1
1
1
1
1
1
1
1
1
1
1
1
1
1
1
1
1
1
1
1
1
1
1
1
1
1
1
1
1
1
1
1
1
1
1
1
1
1
1
1
1
1
1
1
1
1
1
1
1
1
1
1
1
1
1
1
1
1
1
1
1
1
1
1
1
1
1
1
1
1
1
1
1
1
1
1
1
1
1
1
1
1
1
1
1
1
1
1
1
1
1
1
1
1
1
1
1
1
1
1
1
1
1
1
1
1
1
1
1
1
1
1
1
1
1
1
1
1
1
1
1
1
1
1
1
1
1
1
1
1
1
1
1
12
10
10
11
17
17
18
18
18
19
20
12
9
9
9
9
9
9
9
9
9
9
9
9
9
9
9
9
9
9
9
21
9
9
22
1
1
1
1
1
10
10
11
9
9
9
10
16
16
1
1
1
10
21
23
23
22
18
23
23
23
23
24
23
23
23
23
23
22
11
25
25
25
10
16
10
10
10
1
25
10
10
10
10
10
10
10
1
10
10
17
16
22
22
17
17
10
10
10
16
16
10
22
22
16
16
16
10
22
18
21
16
10
21
17
17
16
16
21
21
12
21
21
21
21
21
21
21
16
16
10
10
10
10
21
21
21
21
21
21
22
22
21
15
12
21
21
21
21
21
21
1
10
10
10
16
16
21
21
21
21
10
10
21
21
21
21
10
10
21
12
26
21
21
16
11
21
21
21
21
21
21
21
21
21
21
21
21
21
21
12
10
21
21
21
21
21
21
21
21
21
21
21
21
21
21
21
21
21
21
21
21
21
10
21
21
10
21
21
21
21
15
21
21
21
21
21
21
21
21
21
21
21
21
21
21
21
21
21
21
21
